# Matter power spectrum P(k) at redshift z=0
# for k=1.045e-05 to 14.8025 h/Mpc,
# number of wavenumbers equal to 618
#    1:k (h/Mpc)              2:P (Mpc/h)^3        
       1.045004620253e-05       5.246577591912e+01 
       2.333096513702e-05       1.136046462385e+02 
       3.625718247313e-05       1.736018657945e+02 
       4.926347712992e-05       2.331315435752e+02 
       6.238520327183e-05       2.925730342501e+02 
       7.565860555020e-05       3.522080659490e+02 
       8.912114442490e-05       4.122759239837e+02 
       1.028118358927e-04       4.729959141996e+02 
       1.167716099825e-04       5.345788808269e+02 
       1.310436924108e-04       5.972341033521e+02 
       1.456740137969e-04       6.611740559229e+02 
       1.480253419385e-04       6.714248962043e+02 
       1.607116507784e-04       7.266180782366e+02 
       1.762093031872e-04       7.937954845165e+02 
       1.922238110789e-04       8.629483793589e+02 
       2.088167147455e-04       9.343343440555e+02 
       2.260548597671e-04       1.008229080393e+03 
       2.440110474884e-04       1.084929047435e+03 
       2.627647288310e-04       1.164754123044e+03 
       2.824027357964e-04       1.248050249821e+03 
       3.030200400484e-04       1.335192048190e+03 
       3.247205212055e-04       1.426585291624e+03 
       3.476177185250e-04       1.522669132763e+03 
       3.718355281381e-04       1.623917917778e+03 
       3.975087936478e-04       1.730842330058e+03 
       4.247837207500e-04       1.843989604685e+03 
       4.538180271228e-04       1.963942398083e+03 
       4.847807184906e-04       2.091315921520e+03 
       5.178513630873e-04       2.226752775982e+03 
       5.532187238091e-04       2.370915046810e+03 
       5.910786060521e-04       2.524473107055e+03 
       6.316307969550e-04       2.688090761287e+03 
       6.750750164675e-04       2.862406661912e+03 
       7.216058787634e-04       3.048012092197e+03 
       7.714069757735e-04       3.245425960097e+03 
       8.246443363167e-04       3.455068140232e+03 
       8.814596662420e-04       3.677233182771e+03 
       9.419639072740e-04       3.912066609843e+03 
       1.006231728035e-03       4.159546350973e+03 
       1.074297546411e-03       4.419471698866e+03 
       1.146153560912e-03       4.691461552677e+03 
       1.221750050002e-03       4.974962487509e+03 
       1.300997921808e-03       5.269266455312e+03 
       1.383773220670e-03       5.573536027904e+03 
       1.469923080916e-03       5.886834777133e+03 
       1.559272502511e-03       6.208159824847e+03 
       1.651631318563e-03       6.536473300074e+03 
       1.746800812990e-03       6.870731377071e+03 
       1.844579592092e-03       7.209909130991e+03 
       1.944768476643e-03       7.553017758998e+03 
       2.047174329727e-03       7.899122243836e+03 
       2.151612850910e-03       8.247350187831e+03 
       2.257910443451e-03       8.596894977716e+03 
       2.365905301241e-03       8.947022133720e+03 
       2.475447873892e-03       9.297066434545e+03 
       2.586400861174e-03       9.646430049234e+03 
       2.698638869852e-03       9.994581021230e+03 
       2.812047843383e-03       1.034104647963e+04 
       2.926524351773e-03       1.068540891877e+04 
       3.041974807861e-03       1.102730216882e+04 
       3.158314658304e-03       1.136640571331e+04 
       3.275467582952e-03       1.170244111035e+04 
       3.393364725036e-03       1.203516728464e+04 
       3.511943965978e-03       1.236437411750e+04 
       3.631149252483e-03       1.268988253251e+04 
       3.750929979113e-03       1.301153978007e+04 
       3.871240426583e-03       1.332921539057e+04 
       3.992039254011e-03       1.364279472661e+04 
       4.113289042173e-03       1.395219042305e+04 
       4.234955884129e-03       1.425732321565e+04 
       4.357009019278e-03       1.455813143469e+04 
       4.479420506863e-03       1.485456454621e+04 
       4.602164935033e-03       1.514658355340e+04 
       4.725219161804e-03       1.543415598719e+04 
       4.848562084504e-03       1.571723584074e+04 
       4.972174434572e-03       1.599588077154e+04 
       5.096038594895e-03       1.627000789793e+04 
       5.220138437130e-03       1.653966802982e+04 
       5.344459176733e-03       1.680490218650e+04 
       5.468987243675e-03       1.706567431626e+04 
       5.593710167039e-03       1.732200486445e+04 
       5.718616471917e-03       1.757390402630e+04 
       5.843695587193e-03       1.782092600879e+04 
       5.968937762975e-03       1.806404520278e+04 
       6.094333996576e-03       1.830279579224e+04 
       6.219875966090e-03       1.853721717305e+04 
       6.345555970706e-03       1.876742976529e+04 
       6.471366877007e-03       1.899334709026e+04 
       6.597302070604e-03       1.921501479365e+04 
       6.723355412513e-03       1.943267279531e+04 
       6.849521199768e-03       1.964585328137e+04 
       6.975794129807e-03       1.985502075227e+04 
       7.102169268238e-03       2.006010344118e+04 
       7.228642019628e-03       2.026113963536e+04 
       7.355208100987e-03       2.045814247287e+04 
       7.481863517695e-03       2.065120511804e+04 
       7.608604541598e-03       2.084031798039e+04 
       7.735427691064e-03       2.102553107544e+04 
       7.862329712808e-03       2.120675083680e+04 
       7.989307565300e-03       2.138432717893e+04 
       8.116358403614e-03       2.155813901462e+04 
       8.243479565565e-03       2.172820700111e+04 
       8.370668559026e-03       2.189460133800e+04 
       8.497923050299e-03       2.205734296917e+04 
       8.625240853451e-03       2.221646063160e+04 
       8.752619920524e-03       2.237196689371e+04 
       8.880058332533e-03       2.252399854524e+04 
       9.007554291193e-03       2.267246786530e+04 
       9.135106111298e-03       2.281739821490e+04 
       9.262712213695e-03       2.295902795096e+04 
       9.390371118815e-03       2.309737341116e+04 
       9.518081440694e-03       2.323224578362e+04 
       9.645841881455e-03       2.336388169755e+04 
       9.773651226204e-03       2.349217258089e+04 
       9.901508338314e-03       2.361725854835e+04 
       1.002941215506e-02       2.373896399612e+04 
       1.015736168357e-02       2.385771182896e+04 
       1.028535599707e-02       2.397349295480e+04 
       1.041339423145e-02       2.408584100853e+04 
       1.054147558196e-02       2.419546579838e+04 
       1.066959930030e-02       2.430172382405e+04 
       1.079776469180e-02       2.440535151651e+04 
       1.092597111285e-02       2.450589464529e+04 
       1.105421796849e-02       2.460346065889e+04 
       1.118250471020e-02       2.469803943377e+04 
       1.131083083381e-02       2.478991868995e+04 
       1.143919587758e-02       2.487916266131e+04 
       1.156759942040e-02       2.496542712330e+04 
       1.169604108014e-02       2.504897121105e+04 
       1.182452051209e-02       2.512993327601e+04 
       1.195303740750e-02       2.520794912130e+04 
       1.208159149227e-02       2.528342703173e+04 
       1.221018252566e-02       2.535623980949e+04 
       1.233881029918e-02       2.542657487246e+04 
       1.246747463547e-02       2.549442425742e+04 
       1.259617538733e-02       2.555960600660e+04 
       1.272491243676e-02       2.562213329306e+04 
       1.285368569412e-02       2.568237351510e+04 
       1.298249509734e-02       2.574017294483e+04 
       1.311134061116e-02       2.579547408863e+04 
       1.324022222644e-02       2.584852273993e+04 
       1.336913995957e-02       2.589921051943e+04 
       1.349809385184e-02       2.594766968319e+04 
       1.362708396894e-02       2.599358323095e+04 
       1.375611040048e-02       2.603727892273e+04 
       1.388517325948e-02       2.607879896879e+04 
       1.401427268206e-02       2.611807753380e+04 
       1.414340882696e-02       2.615532442361e+04 
       1.427258187530e-02       2.619032770240e+04 
       1.440179203021e-02       2.622328777855e+04 
       1.453103951663e-02       2.625375357073e+04 
       1.466032458099e-02       2.628270415539e+04 
       1.478964749108e-02       2.630931550254e+04 
       1.480253419385e-02       2.631186703905e+04 
       1.491900853582e-02       2.633382763764e+04 
       1.504840802513e-02       2.635641062251e+04 
       1.517784628979e-02       2.637706821788e+04 
       1.530732368135e-02       2.639564459662e+04 
       1.543684057207e-02       2.641250524623e+04 
       1.556639735481e-02       2.642740484842e+04 
       1.569599444305e-02       2.644032327971e+04 
       1.582563227087e-02       2.645163125433e+04 
       1.595531129293e-02       2.646086036993e+04 
       1.608503198455e-02       2.646846231088e+04 
       1.621479484172e-02       2.647435704114e+04 
       1.634460038120e-02       2.647832055714e+04 
       1.647444914058e-02       2.648051382818e+04 
       1.660434167842e-02       2.648130264485e+04 
       1.673427857435e-02       2.648010921260e+04 
       1.686426042924e-02       2.647741370905e+04 
       1.699428786532e-02       2.647309208924e+04 
       1.712436152641e-02       2.646710788670e+04 
       1.725448207810e-02       2.645955062418e+04 
       1.738465020794e-02       2.645057091689e+04 
       1.751486662569e-02       2.643984775173e+04 
       1.764513206356e-02       2.642772875101e+04 
       1.777544727651e-02       2.641390766546e+04 
       1.790581304245e-02       2.639876846724e+04 
       1.803623016263e-02       2.638215756600e+04 
       1.816669946189e-02       2.636413330408e+04 
       1.829722178901e-02       2.634472160228e+04 
       1.842779801706e-02       2.632387519917e+04 
       1.855842904377e-02       2.630176578410e+04 
       1.868911579188e-02       2.627826939714e+04 
       1.881985920959e-02       2.625328594405e+04 
       1.895066027093e-02       2.622706791587e+04 
       1.908151997619e-02       2.619975234139e+04 
       1.921243935242e-02       2.617098617693e+04 
       1.934341945385e-02       2.614085587291e+04 
       1.947446136238e-02       2.610975940039e+04 
       1.960556618811e-02       2.607737156471e+04 
       1.973673506984e-02       2.604368342206e+04 
       1.986796917561e-02       2.600892650098e+04 
       1.999926970329e-02       2.597303474103e+04 
       2.013063788112e-02       2.593608276911e+04 
       2.026207496835e-02       2.589781985733e+04 
       2.039358225581e-02       2.585857231829e+04 
       2.052516106661e-02       2.581838995300e+04 
       2.065681275677e-02       2.577701344702e+04 
       2.078853871590e-02       2.573452989742e+04 
       2.092034036793e-02       2.569106728040e+04 
       2.105221917183e-02       2.564690731218e+04 
       2.118417662234e-02       2.560156328314e+04 
       2.131621425079e-02       2.555504582699e+04 
       2.144833362590e-02       2.550764096023e+04 
       2.158053635454e-02       2.545950438426e+04 
       2.171282408269e-02       2.541043802777e+04 
       2.184519849624e-02       2.536025396334e+04 
       2.197766132193e-02       2.530950756051e+04 
       2.211021432829e-02       2.525770820424e+04 
       2.224285932658e-02       2.520509891662e+04 
       2.237559817184e-02       2.515169928688e+04 
       2.250843276386e-02       2.509743188900e+04 
       2.264136504829e-02       2.504226125784e+04 
       2.277439701769e-02       2.498650471501e+04 
       2.290753071268e-02       2.492999523428e+04 
       2.304076822313e-02       2.487272795252e+04 
       2.317411168930e-02       2.481456266613e+04 
       2.330756330311e-02       2.475583096124e+04 
       2.344112530944e-02       2.469623302056e+04 
       2.357480000740e-02       2.463622778418e+04 
       2.370858975173e-02       2.457533007541e+04 
       2.384249695415e-02       2.451386759354e+04 
       2.397652408488e-02       2.445188424236e+04 
       2.411067367405e-02       2.438901192421e+04 
       2.424494831332e-02       2.432563495263e+04 
       2.437935065740e-02       2.426170667186e+04 
       2.451388342574e-02       2.419717579190e+04 
       2.464854940421e-02       2.413205479364e+04 
       2.478335144682e-02       2.406635479453e+04 
       2.491829247759e-02       2.400018014112e+04 
       2.505337549235e-02       2.393349400723e+04 
       2.518860356073e-02       2.386625873355e+04 
       2.532397982808e-02       2.379848324784e+04 
       2.545950751762e-02       2.373024938248e+04 
       2.559518993248e-02       2.366155217640e+04 
       2.573103045796e-02       2.359240299534e+04 
       2.586703256377e-02       2.352275326231e+04 
       2.600319980641e-02       2.345268549127e+04 
       2.613953583160e-02       2.338218620091e+04 
       2.627604437675e-02       2.331126333653e+04 
       2.641272927365e-02       2.323996852855e+04 
       2.654959445108e-02       2.316835951196e+04 
       2.668664393768e-02       2.309624079963e+04 
       2.682388186478e-02       2.302375282568e+04 
       2.696131246941e-02       2.295102596314e+04 
       2.709894009743e-02       2.287781684114e+04 
       2.723676920671e-02       2.280438756217e+04 
       2.737480437047e-02       2.273060191370e+04 
       2.751305028073e-02       2.265651289045e+04 
       2.765151175192e-02       2.258207673814e+04 
       2.779019372454e-02       2.250744128987e+04 
       2.792910126904e-02       2.243247878143e+04 
       2.806823958985e-02       2.235720422531e+04 
       2.820761402946e-02       2.228166412069e+04 
       2.834723007280e-02       2.220597635703e+04 
       2.848709335165e-02       2.213007339910e+04 
       2.862720964935e-02       2.205380868994e+04 
       2.876758490559e-02       2.197734504753e+04 
       2.890822522143e-02       2.190065388119e+04 
       2.904913686454e-02       2.182379883934e+04 
       2.919032627465e-02       2.174674323365e+04 
       2.933180006915e-02       2.166947304707e+04 
       2.947356504900e-02       2.159205258923e+04 
       2.961562820484e-02       2.151442504945e+04 
       2.975799672341e-02       2.143663144990e+04 
       2.990067799411e-02       2.135879068770e+04 
       3.004367961600e-02       2.128070944731e+04 
       3.018700940498e-02       2.120246697794e+04 
       3.033067540130e-02       2.112419958646e+04 
       3.047468587744e-02       2.104576109052e+04 
       3.061904934631e-02       2.096724769747e+04 
       3.076377456975e-02       2.088856438928e+04 
       3.090887056751e-02       2.080974221747e+04 
       3.105434662657e-02       2.073092821931e+04 
       3.120021231089e-02       2.065196033902e+04 
       3.134647747159e-02       2.057288872330e+04 
       3.149315225764e-02       2.049384102274e+04 
       3.164024712703e-02       2.041476329438e+04 
       3.178777285841e-02       2.033540237361e+04 
       3.193574056335e-02       2.025611249894e+04 
       3.208416169919e-02       2.017681513551e+04 
       3.223304808243e-02       2.009739014252e+04 
       3.238241190285e-02       2.001800610174e+04 
       3.253226573827e-02       1.993851522472e+04 
       3.268262257010e-02       1.985896960369e+04 
       3.283349579962e-02       1.977936433455e+04 
       3.298489926509e-02       1.969987651651e+04 
       3.313684725976e-02       1.962032810939e+04 
       3.328935455080e-02       1.954076021867e+04 
       3.344243639918e-02       1.946120759431e+04 
       3.359610858067e-02       1.938162126062e+04 
       3.375038740791e-02       1.930194579612e+04 
       3.390528975366e-02       1.922234750978e+04 
       3.406083307537e-02       1.914281831882e+04 
       3.421703544101e-02       1.906325034482e+04 
       3.437391555647e-02       1.898371343015e+04 
       3.453149279434e-02       1.890409109865e+04 
       3.468978722448e-02       1.882459311184e+04 
       3.484881964624e-02       1.874507559576e+04 
       3.500861162260e-02       1.866560664800e+04 
       3.516918551632e-02       1.858610919518e+04 
       3.533056452821e-02       1.850673003489e+04 
       3.549277273775e-02       1.842731734764e+04 
       3.565583514615e-02       1.834792164811e+04 
       3.581977772208e-02       1.826856782297e+04 
       3.598462745024e-02       1.818925276141e+04 
       3.615041238303e-02       1.811000017728e+04 
       3.631716169548e-02       1.803078436006e+04 
       3.648490574378e-02       1.795151112962e+04 
       3.665367612763e-02       1.787247578264e+04 
       3.682350575670e-02       1.779323107280e+04 
       3.699442892165e-02       1.771416126691e+04 
       3.716648136989e-02       1.763518531372e+04 
       3.733970038666e-02       1.755608544647e+04 
       3.751412488171e-02       1.747714116985e+04 
       3.768979548220e-02       1.739821575882e+04 
       3.786675463225e-02       1.731921933807e+04 
       3.804504669976e-02       1.724040085095e+04 
       3.822471809115e-02       1.716151005641e+04 
       3.840581737467e-02       1.708265008932e+04 
       3.858839541316e-02       1.700384105719e+04 
       3.877250550703e-02       1.692506416233e+04 
       3.895820354848e-02       1.684625792605e+04 
       3.914554818797e-02       1.676752725310e+04 
       3.933460101419e-02       1.668879405637e+04 
       3.952542674879e-02       1.661009055922e+04 
       3.971809345734e-02       1.653132918570e+04 
       3.991267277818e-02       1.645262284726e+04 
       4.010924017102e-02       1.637387815580e+04 
       4.030787518726e-02       1.629511597768e+04 
       4.050866176439e-02       1.621631618105e+04 
       4.071168854707e-02       1.613751403350e+04 
       4.091704923773e-02       1.605873208423e+04 
       4.112484298017e-02       1.597987391504e+04 
       4.133517477957e-02       1.590098869232e+04 
       4.154815596346e-02       1.582203100658e+04 
       4.176390468825e-02       1.574293295313e+04 
       4.198254649677e-02       1.566383249073e+04 
       4.220421493314e-02       1.558470850369e+04 
       4.242905222201e-02       1.550536935128e+04 
       4.265721002034e-02       1.542609077789e+04 
       4.288885025099e-02       1.534654765163e+04 
       4.312414602908e-02       1.526698290773e+04 
       4.336328269335e-02       1.518707706534e+04 
       4.360645895709e-02       1.510721476659e+04 
       4.385388819525e-02       1.502708446379e+04 
       4.410579988722e-02       1.494677643537e+04 
       4.436244123807e-02       1.486618941300e+04 
       4.462407900480e-02       1.478542576623e+04 
       4.489100155896e-02       1.470445048779e+04 
       4.516352122242e-02       1.462319060403e+04 
       4.544197692011e-02       1.454149390467e+04 
       4.572673720136e-02       1.445953146290e+04 
       4.601820369169e-02       1.437717697153e+04 
       4.631681504880e-02       1.429445278480e+04 
       4.662305151151e-02       1.421134876283e+04 
       4.693744014829e-02       1.412765715322e+04 
       4.726056093485e-02       1.404354877108e+04 
       4.759305381789e-02       1.395886187741e+04 
       4.793562695661e-02       1.387357979897e+04 
       4.828906637725e-02       1.378760599901e+04 
       4.865424732981e-02       1.370091852205e+04 
       4.903214770491e-02       1.361334863934e+04 
       4.942386395483e-02       1.352492287735e+04 
       4.983063007282e-02       1.343561273208e+04 
       5.025384032417e-02       1.334524019062e+04 
       5.069507660018e-02       1.325357922128e+04 
       5.115614149305e-02       1.316066258473e+04 
       5.163909847805e-02       1.306621576573e+04 
       5.214632095522e-02       1.297018157874e+04 
       5.268055236262e-02       1.287241294633e+04 
       5.324498014191e-02       1.277215576049e+04 
       5.384332702145e-02       1.266991671255e+04 
       5.447996386397e-02       1.256449500396e+04 
       5.516004913222e-02       1.245625137309e+04 
       5.588970066070e-02       1.234381562849e+04 
       5.667620544593e-02       1.222690252178e+04 
       5.752827165741e-02       1.210458484397e+04 
       5.845632220087e-02       1.197597554960e+04 
       5.947281750104e-02       1.183881979819e+04 
       6.059257069978e-02       1.169166480198e+04 
       6.183297178583e-02       1.153134627272e+04 
       6.321395681053e-02       1.135436492355e+04 
       6.475743971578e-02       1.115577793031e+04 
       6.648579745127e-02       1.092965506757e+04 
       6.841898393571e-02       1.066865382093e+04 
       7.057019964427e-02       1.036516402674e+04 
       7.294101305400e-02       1.001311947563e+04 
       7.551812613254e-02       9.610201648120e+03 
       7.827426032865e-02       9.160085275524e+03 
       8.117362273629e-02       8.673673960542e+03 
       8.417934145356e-02       8.167761303718e+03 
       8.725930436059e-02       7.662045400288e+03 
       9.038872340633e-02       7.175626449416e+03 
       9.355001524045e-02       6.724666547107e+03 
       9.673139883586e-02       6.320654720856e+03 
       9.992526925105e-02       5.969737436905e+03 
       1.031268321724e-01       5.673319670042e+03 
       1.063331094909e-01       5.428450998740e+03 
       1.095422680062e-01       5.228915217727e+03 
       1.127531854609e-01       5.066073837698e+03 
       1.159651770484e-01       4.930186143195e+03 
       1.191778256459e-01       4.810849543545e+03 
       1.223908773892e-01       4.698210346220e+03 
       1.256041777903e-01       4.583824325046e+03 
       1.288176327860e-01       4.461186808473e+03 
       1.320311850342e-01       4.326522090157e+03 
       1.352447995059e-01       4.178429863509e+03 
       1.384584547337e-01       4.018143700824e+03 
       1.416721374971e-01       3.848915312824e+03 
       1.448858395953e-01       3.675219624845e+03 
       1.480253419385e-01       3.506307583962e+03 
       1.480995558882e-01       3.502363478485e+03 
       1.513132831054e-01       3.335406897744e+03 
       1.545270191232e-01       3.178749419700e+03 
       1.577407625244e-01       3.035858175224e+03 
       1.609545123302e-01       2.908881858545e+03 
       1.641682678370e-01       2.798615475357e+03 
       1.673820285163e-01       2.704614534353e+03 
       1.705957939529e-01       2.625374789557e+03 
       1.738095638077e-01       2.558575099740e+03 
       1.770233377933e-01       2.501317228749e+03 
       1.802371156600e-01       2.450509982507e+03 
       1.834508971854e-01       2.403227116560e+03 
       1.866646821691e-01       2.356872142159e+03 
       1.898784704279e-01       2.308700218234e+03 
       1.930922617932e-01       2.256966342830e+03 
       1.963060561089e-01       2.200774437448e+03 
       1.995198532301e-01       2.140015398806e+03 
       2.027336530213e-01       2.075432233508e+03 
       2.059474553562e-01       2.008274072365e+03 
       2.091612601162e-01       1.940158916030e+03 
       2.123750671903e-01       1.872788846382e+03 
       2.155888764741e-01       1.807691106089e+03 
       2.188026878695e-01       1.746091199080e+03 
       2.220165012840e-01       1.688988617258e+03 
       2.252303166306e-01       1.636956791646e+03 
       2.284441338271e-01       1.590199154775e+03 
       2.316579527961e-01       1.548676972622e+03 
       2.348717734642e-01       1.511904982570e+03 
       2.380855957623e-01       1.479320031956e+03 
       2.412994196246e-01       1.450014042014e+03 
       2.445132449892e-01       1.422983563366e+03 
       2.477270717973e-01       1.397241662269e+03 
       2.509408999929e-01       1.371889602895e+03 
       2.541547295232e-01       1.346179604340e+03 
       2.573685603377e-01       1.319664369716e+03 
       2.605823923888e-01       1.292055674058e+03 
       2.637962256309e-01       1.263303146778e+03 
       2.670100600208e-01       1.233551063838e+03 
       2.702238955173e-01       1.203078885611e+03 
       2.734377320811e-01       1.172300853945e+03 
       2.766515696749e-01       1.141718662716e+03 
       2.798654082629e-01       1.111811241122e+03 
       2.830792478110e-01       1.083060763377e+03 
       2.862930882869e-01       1.055845549898e+03 
       2.895069296594e-01       1.030431226968e+03 
       2.927207718987e-01       1.006892389806e+03 
       2.959346149766e-01       9.852146863570e+02 
       2.991484588658e-01       9.652445700926e+02 
       3.023623035404e-01       9.467545240153e+02 
       3.055761489754e-01       9.294907559956e+02 
       3.087899951470e-01       9.131306491759e+02 
       3.120038420322e-01       8.974370244649e+02 
       3.152176896092e-01       8.820905308537e+02 
       3.184315378569e-01       8.668975600138e+02 
       3.216453867551e-01       8.516302688398e+02 
       3.248592362844e-01       8.361784316550e+02 
       3.280730864261e-01       8.204909375898e+02 
       3.312869371624e-01       8.045924152292e+02 
       3.345007884760e-01       7.885909761724e+02 
       3.377146403504e-01       7.726083007239e+02 
       3.409284927696e-01       7.567940586191e+02 
       3.441423457183e-01       7.412802612826e+02 
       3.473561991817e-01       7.262070019561e+02 
       3.505700531456e-01       7.116583408940e+02 
       3.537839075964e-01       6.977191125039e+02 
       3.569977625207e-01       6.844438026489e+02 
       3.602116179060e-01       6.718499661020e+02 
       3.634254737398e-01       6.599261873773e+02 
       3.666393300103e-01       6.486155581054e+02 
       3.698531867062e-01       6.378313403882e+02 
       3.730670438163e-01       6.274853949915e+02 
       3.762809013301e-01       6.174557544744e+02 
       3.794947592371e-01       6.076537624802e+02 
       3.827086175275e-01       5.980028829777e+02 
       3.859224761917e-01       5.884541719082e+02 
       3.891363352203e-01       5.789753011014e+02 
       3.923501946043e-01       5.695467526438e+02 
       3.955640543351e-01       5.601633954233e+02 
       3.987779144043e-01       5.508333300285e+02 
       4.019917748036e-01       5.415753089510e+02 
       4.052056355252e-01       5.324264478289e+02 
       4.084194965615e-01       5.234244773013e+02 
       4.116333579051e-01       5.146092249772e+02 
       4.148472195487e-01       5.060242826304e+02 
       4.180610814856e-01       4.976950212849e+02 
       4.212749437088e-01       4.896287144706e+02 
       4.244888062119e-01       4.818333419835e+02 
       4.277026689885e-01       4.742835616556e+02 
       4.309165320326e-01       4.669811902201e+02 
       4.341303953381e-01       4.599163004369e+02 
       4.373442588993e-01       4.530562936051e+02 
       4.405581227105e-01       4.463997327552e+02 
       4.437719867663e-01       4.399087939932e+02 
       4.469858510614e-01       4.335659324864e+02 
       4.501997155907e-01       4.273305875241e+02 
       4.534135803491e-01       4.211880610159e+02 
       4.566274453318e-01       4.151270704804e+02 
       4.598413105341e-01       4.091280162290e+02 
       4.630551759515e-01       4.032022716152e+02 
       4.662690415793e-01       3.973495684491e+02 
       4.694829074134e-01       3.915744611066e+02 
       4.726967734494e-01       3.858892223010e+02 
       4.759106396833e-01       3.802985308965e+02 
       4.791245061110e-01       3.748049979772e+02 
       4.823383727288e-01       3.694214165450e+02 
       4.855522395328e-01       3.641544300169e+02 
       4.887661065192e-01       3.590208731022e+02 
       4.919799736846e-01       3.540200028639e+02 
       4.951938410255e-01       3.491542186821e+02 
       4.984077085383e-01       3.444119833619e+02 
       5.016215762199e-01       3.397902083189e+02 
       5.048354440670e-01       3.352678128022e+02 
       5.080493120764e-01       3.308400208436e+02 
       5.112631802450e-01       3.264987195007e+02 
       5.144770485700e-01       3.222329022480e+02 
       5.176909170482e-01       3.180407814080e+02 
       5.209047856770e-01       3.139158329498e+02 
       5.241186544535e-01       3.098508674722e+02 
       5.273325233750e-01       3.058415558332e+02 
       5.305463924388e-01       3.018845972764e+02 
       5.337602616425e-01       2.979813735776e+02 
       5.369741309834e-01       2.941357146746e+02 
       5.401880004592e-01       2.903536819658e+02 
       5.434018700673e-01       2.866399635420e+02 
       5.466157398055e-01       2.829962161711e+02 
       5.498296096716e-01       2.794228518153e+02 
       5.530434796631e-01       2.759168720731e+02 
       5.562573497781e-01       2.724762030843e+02 
       5.594712200142e-01       2.690996095065e+02 
       5.626850903696e-01       2.657881327161e+02 
       5.658989608420e-01       2.625414187484e+02 
       5.691128314296e-01       2.593587855704e+02 
       5.723267021304e-01       2.562370930333e+02 
       5.755405729424e-01       2.531716381767e+02 
       5.787544438639e-01       2.501577603078e+02 
       5.819683148929e-01       2.471908506068e+02 
       5.851821860278e-01       2.442703855461e+02 
       5.883960572668e-01       2.413918891089e+02 
       5.916099286082e-01       2.385583081091e+02 
       5.948238000503e-01       2.357692952941e+02 
       5.980376715915e-01       2.330238716447e+02 
       6.012515432302e-01       2.303199016686e+02 
       6.044654149648e-01       2.276552018311e+02 
       6.076792867938e-01       2.250288537628e+02 
       6.108931587158e-01       2.224410002836e+02 
       6.141070307292e-01       2.198917456774e+02 
       6.173209028327e-01       2.173870786344e+02 
       6.205347750248e-01       2.149253668709e+02 
       6.237486473041e-01       2.125067335146e+02 
       6.269625196694e-01       2.101294997999e+02 
       6.301763921192e-01       2.077905951450e+02 
       6.333902646523e-01       2.054883383375e+02 
       6.366041372675e-01       2.032218886672e+02 
       6.398180099634e-01       2.009908389790e+02 
       6.430318827390e-01       1.987958754538e+02 
       6.462457555929e-01       1.966362250118e+02 
       6.494596285240e-01       1.945108484949e+02 
       6.526735015313e-01       1.924171856154e+02 
       6.558873746135e-01       1.903532662961e+02 
       6.591012477695e-01       1.883169181191e+02 
       6.623151209983e-01       1.863080750955e+02 
       6.655289942989e-01       1.843277707919e+02 
       6.687428676701e-01       1.823764601618e+02 
       6.719567411110e-01       1.804548492255e+02 
       6.751706146206e-01       1.785622379464e+02 
       6.783844881978e-01       1.766976366311e+02 
       6.815983618418e-01       1.748591326664e+02 
       6.848122355516e-01       1.730457927268e+02 
       6.880261093263e-01       1.712579725176e+02 
       6.912399831649e-01       1.694959128846e+02 
       6.944538570667e-01       1.677605277908e+02 
       6.976677310306e-01       1.660521970440e+02 
       7.008816050558e-01       1.643698839079e+02 
       7.040954791415e-01       1.627120751531e+02 
       7.073093532870e-01       1.610770049519e+02 
       7.105232274912e-01       1.594638872238e+02 
       7.137371017536e-01       1.578720557648e+02 
       7.169509760732e-01       1.563022182950e+02 
       7.201648504493e-01       1.547546471338e+02 
       7.233787248812e-01       1.532295873193e+02 
       7.265925993681e-01       1.517261117319e+02 
       7.298064739093e-01       1.502429224816e+02 
       7.330203485041e-01       1.487787911873e+02 
       7.362342231517e-01       1.473330263442e+02 
       7.394480978515e-01       1.459056102237e+02 
       7.426619726029e-01       1.444973335725e+02 
       7.458758474050e-01       1.431087970077e+02 
       7.490897222573e-01       1.417398626971e+02 
       7.523035971592e-01       1.403902212535e+02 
       7.555174721100e-01       1.390587279916e+02 
       8.259208849701e-01       1.138072674028e+02 
       9.280154807390e-01       8.731093739937e+01 
       1.090552939772e+00       6.018195317710e+01 
       1.346944165423e+00       3.666824969738e+01 
       1.480253419385e+00       2.929455640545e+01 
       1.693656495250e+00       2.119377444365e+01 
       2.132153449600e+00       1.206736846072e+01 
       2.684222052954e+00       6.760170981752e+00 
       3.379235353316e+00       3.681430292550e+00 
       4.254205258722e+00       1.884798767279e+00 
       5.355727107194e+00       8.272542607820e-01 
       6.742460953881e+00       2.370017156295e-01 
       8.488255432871e+00       1.442072210524e-02 
       1.068608046624e+01       1.761684296051e-03 
       1.480253419385e+01       3.950088945925e-06 
